viral_0, 07:36:44:PM, 16-January-2022
drake, 07:37:05:PM, 16-January-2022
adele, 07:53:20:PM, 16-January-2022
virat_kohli, 09:49:58:PM, 16-January-2022
viral_0, 12:04:08:AM, 17-January-2022
drake, 12:06:44:AM, 17-January-2022
